a = 
       x1  x2  x3  x4
   x1   1   1   0   0
   x2   1   0   1   1
   x3   0   1   0   1
   x4   0   1   1   1
 
b = 
       u1  u2  u3
   x1   2   0  -2
   x2   1   1   0
   x3   0   0   2
   x4   1  -1   0
 
c = 
       x1  x2  x3  x4
   y1   1   0   0   0
 
d = 
       u1  u2  u3
   y1   0   0   0
 
Sampling time (seconds): 0.25
Discrete-time state-space model.

m =

     3

n =

     4

q =

     1


dim_r =

     1


dim_s =

     2

val_dim_r =

     2


val_dim_s =

     1


sys_eig =

   -1.2631
   -0.5157
    1.1826
    2.5962


T =

     2     0    -2     3     1    -2
     1     1     0     3    -1     0
     0     0     2     2     0     0
     1    -1     0     2     0     2


T_inv =

    0.0762    0.0099   -0.0728    0.0927
   -0.1026    0.3344   -0.1192   -0.2119
   -0.0695   -0.0960    0.3709   -0.0629
    0.0695    0.0960    0.1291    0.0629
    0.1821   -0.3675    0.1954    0.0695
   -0.1589    0.0662   -0.1523    0.2848


A_hat =

    0.2980    0.0662    0.0331    0.8113   -0.0099   -0.1126
    0.0331   -0.4371   -0.2185   -0.3543    0.6656   -0.4570
    0.1192    0.0265    0.0132    0.3245   -0.4040    0.7550
    0.8808   -0.0265   -0.0132    2.1755   -0.0960    0.2450
   -0.0265    0.5497   -0.2252   -0.0166   -0.6325    0.1656
   -0.0132   -0.2252    0.8874    0.7417   -0.0662    0.5828


B_hat =

    0.2550   -0.0828   -0.2980
   -0.0828    0.5464   -0.0331
   -0.2980   -0.0331    0.8808
    0.2980    0.0331    0.1192
    0.0662   -0.4371    0.0265
    0.0331   -0.2185    0.0132

